  1.02007e+01   6.16002e-01   1         13.7
  3.64783e+00   2.03609e-01   2         13.7
  0.00000e+00   0.00000e+00   3          0.0
  0.00000e+00   0.00000e+00   4          0.0
  5.05821e-04   7.60468e-07   5          0.0
  2.77559e-17   8.50587e-02   6          0.0
  0.00000e+00   0.00000e+00   7          0.0
  0.00000e+00   0.00000e+00   8          0.0
 -3.24652e+00   5.68570e-01   9          2.0
  4.54772e-01   1.18007e-01  10          2.0
  0.00000e+00   0.00000e+00  11          0.0
  0.00000e+00   0.00000e+00  12          0.0
  1.06511e+01   6.94007e-01  13         51.6
  0.00000e+00   6.25207e-02  14         51.6
  0.00000e+00   0.00000e+00  15          0.0
  0.00000e+00   0.00000e+00  16          0.0