  5.83357e+02   4.39724e+01   1        477.5
 -4.10000e+02   0.00000e+00   2        477.5
 -2.53270e+01   0.00000e+00   3        477.5
  1.27321e+01   7.39773e-01   4        477.5
  1.28000e+01   3.28996e-05   5     161957.6
  9.15840e-01   3.20962e-06   6     161957.6
  0.00000e+00   0.00000e+00   7     161957.6
  0.00000e+00   0.00000e+00   8     161957.6
 -2.42685e-01   0.00000e+00   9        485.2
  4.93250e-01   2.14743e-03  10        485.2
  6.09811e-02   5.79600e-04  11        485.2
  0.00000e+00   0.00000e+00  12        485.2
 -1.06917e+01   0.00000e+00  13        185.5
  0.00000e+00   0.00000e+00  14        185.5
  0.00000e+00   0.00000e+00  15        185.5
  0.00000e+00   0.00000e+00  16        185.5