  5.65658e+00   8.41268e-01   1          0.0
  9.93123e-01   2.22344e-01   2          0.0
  0.00000e+00   0.00000e+00   3          0.0
  0.00000e+00   0.00000e+00   4          0.0
  5.29572e-02   1.28535e-02   5          1.5
  6.10623e-14   4.85242e-01   6          1.5
  0.00000e+00   0.00000e+00   7          0.0
  0.00000e+00   0.00000e+00   8          0.0
 -4.47735e+00   6.65120e-01   9          0.0
  2.32553e-11   7.46016e+00  10          0.0
  0.00000e+00   0.00000e+00  11          0.0
  0.00000e+00   0.00000e+00  12          0.0
 -6.15762e+01   1.29550e+02  13          0.1
  9.99988e+00   5.70094e+00  14          0.1
  0.00000e+00   0.00000e+00  15          0.0
  0.00000e+00   0.00000e+00  16          0.0