  4.38414e+01   1.52116e+02   1         44.7
  4.01709e+01   1.15162e+02   2         44.7
 -7.95826e+00   6.44952e-01   3         44.7
  0.00000e+00   0.00000e+00   4         44.7
 -5.65563e+00   9.09516e-01   5         87.2
  1.98598e-01   4.63428e-01   6         87.2
  0.00000e+00   0.00000e+00   7         87.2
  0.00000e+00   0.00000e+00   8         87.2
  1.21265e+00   5.92396e-01   9         45.6
  2.33406e+00   8.85885e-01  10         45.6
 -1.56076e-01   1.56008e-01  11         45.6
  0.00000e+00   0.00000e+00  12         45.6
 -4.64855e+00   6.98574e-01  13         96.1
  0.00000e+00   0.00000e+00  14         96.1
  0.00000e+00   0.00000e+00  15         96.1
  0.00000e+00   0.00000e+00  16         96.1