 3.14020e+02  1.43953e+01   1            0.0
 0.00000e+00  0.00000e+00   2            0.0
-3.30520e+01  2.15300e+00   3            0.0
 0.00000e+00  0.00000e+00   4            0.0
 1.86860e+02  2.05640e+00   5            0.0
 0.00000e+00  0.00000e+00   6            0.0
 3.13760e+00  2.71120e+00   7            0.0
 0.00000e+00  0.00000e+00   8            0.0
 7.27000e-01  1.88300e-01   9            0.0
 3.23000e-02  2.20000e-03   0            0.0
-1.43963e+01  5.27000e-01  11            0.0
 0000000e+00  0000000e+00  12            0.0    
-8.00000e-04  1.00000e-04  13            0.0
 4.07516e+01  0.00000e+00  14            0.0
 0.00000e+00  0.00000e+00  15            0.0
 0.00000e+00  0.00000e+00  16            0.0