  5.51483e+00   3.11370e+00   1          0.5
  8.37724e-02   5.92046e+00   2          0.5
  0.00000e+00   0.00000e+00   3          0.0
  0.00000e+00   0.00000e+00   4          0.0
  9.68558e-01   3.20553e-01   5          0.6
  5.93408e-08   4.43189e+00   6          0.6
  0.00000e+00   0.00000e+00   7          0.0
  0.00000e+00   0.00000e+00   8          0.0
  3.52063e+01   9.62164e+01   9          0.2
  1.00000e+01   8.15453e+00  10          0.2
  0.00000e+00   0.00000e+00  11          0.0
  0.00000e+00   0.00000e+00  12          0.0
 -6.45715e+00   1.84787e+01  13          0.0
  2.03255e+00   5.85684e+00  14          0.0
  0.00000e+00   0.00000e+00  15          0.0
  0.00000e+00   0.00000e+00  16          0.0